  start:20150722     time:130634.285
after in20150722     time:130634.334
  close:20150722     time:130634.394
    end:20150722     time:130634.394
 cpu   6.2570000000000001E-002
  start:20150722     time:131518.947
after in20150722     time:131518.949
  close:20150722     time:131519.012
    end:20150722     time:131519.012
 cpu   6.4447999999999991E-002
